676.853137053,
690.420200716,
1383.49430033,
534.534192462,
534.534192462,
363.22797337,
602.796650083,
585.532532119,
363.392296779,
2030.14181892,
3463.48374315,
3554.38200313,
3924.76989994,
3924.76989994,
334.946352434,
248.323983809,
332.233184871,
435.298651761,
549.919381104,
664.449989648,
904.394373024,
356.308225738,
356.308225738,
414.912087072,
679.178844089,
679.178844089,
2258.7724333,
2925.63008999,
1178.3862436,
1178.3862436,
1542.23872318,
1542.23872318,
1542.23872318,
3592.14734076,
906.029650474,
364.715052738,
486.208427596,
486.208427596,
486.208427596,
132.196755841,
306.466939294,
670.055875395,
798.565344275,
807.902895754,
17.1422240282,
17.1422240282,
265.653895124,
398.232333416,
398.232333416,
712.579092146,
712.579092146,
712.579092146,
452.741148492,
470.460033894,
1200.23954975,
1575.14250594,
1575.14250594,
3271.11653371,
3534.36844883,
2828.84559548,
1142.36490544,
330.796928813,
330.796928813,
317.136916772,
317.136916772,
321.585865912,
321.585865912,
321.585865912,
1698.42823311,
1852.00432684,
2033.98234639,
263.838563505,
263.838563505,
502.085461145,
502.085461145,
171.202771526,
239.482233485,
3221.37245312,
1044.30120334,
1328.55921389,
3293.30255999,
3293.30255999,
48.9968136544,
192.091916776,
316.423441525,
413.464681089,
720.718065197,
2866.33539279,
2866.33539279,
2969.07850081,
3609.42520527,
396.832352414,
1990.99807325,
301.383883949,
456.817601662,
1104.55884961,
1104.55884961,
1104.55884961,
1003.76417814,
1003.76417814,
1003.76417814,
870.868521009,
897.975303632,
897.975303632,
938.44076648,
959.969455382,
779.159964612,
396.012779937,
490.780309743,
490.780309743,
448.852973183,
3343.62822344,
548.592099101,
548.592099101,
500.010167876,
1644.48608903,
1629.27481155,
385.938070665,
1153.21698778,
1110.93359284,
1110.93359284,
1070.31441608,
285.823244124,
1096.19619794,
941.170530326,
872.138824686,
497.864757257,
996.823292719,
623.848231631,
683.199956604,
737.138718088,
1253.32392797,
1367.04413401,
519.414964483,
1033.34492107,
318.862679519,
1611.01495647,
1611.01495647,
1762.47310891,
3180.53846101,
3180.53846101,
790.581072879,
849.218113332,
1318.9670732,
482.722302811,
358.240947894,
358.240947894,
459.208854646,
833.900626182,
833.900626182,
833.900626182,
131.371519741,
697.034365831,
3727.2950701,
1723.66052352,
1723.66052352,
1857.14695704,
2122.28286606,
2122.28286606,
2122.28286606,
2287.96001559,
2208.23831091,
2089.81425401,
2089.81425401,
640.9286116,
1958.19706854,
2003.10164229,
2051.64826707,
2194.09999707,
2194.09999707,
2548.63450204,
332.719901744,
332.719901744,
332.719901744,
494.984780499,
602.791105017,
1187.9059828,
294.619616527,
881.621645973,
881.621645973,
1046.10724403,
1046.10724403,
780.317994565,
542.534780846,
542.534780846,
3566.89469344,
1349.02329743,
1349.02329743,
1440.56185584,
1415.68913934,
610.375732407,
567.13409416,
283.24096114,
283.24096114,
1112.75670704,
5457.63995825,
2864.73092395,
1781.36489503,
924.811427114,
924.811427114,
576.533685663,
489.791998211,
560.514405737,
503.941543079,
624.596876742,
553.866324345,
591.571264775,
635.486826343,
875.083050428,
875.083050428,
225.222751835,
225.222751835,
607.555342322,
635.06170447,
823.441488385,
696.075969331,
1202.95446381,
2811.38067258,
2946.12166513,
2946.12166513,
2926.28640275,
562.865394297,
1384.73366119,
3170.16512607,
3170.16512607,
3431.40753521,
3431.40753521,
3717.49594461,
3735.11400873,
3450.38313383,
3450.38313383,
2160.03697946,
3952.06493628,
872.095531556,
1072.3410934,
1166.38672456,
1400.87937255,
2147.11017792,
2168.87307428,
835.049598195,
277.836168283,
810.657583352,
835.759557735,
835.759557735,
928.677566542,
929.517278601,
5082.84715482,
1004.03485231,
1004.03485231,
3450.47993599,
3450.47993599,
3018.89414907,
437.704755103,
670.213667146,
251.827762936,
243.15030349,
188.105925829,
188.105925829,
1282.60473437,
1385.62445762,
380.923749578,
380.923749578,
4138.27456562,
4138.27456562,
5140.62174548,
832.294843045,
1701.97916399,
1815.17168975,
2087.40129171,
2467.33306035,
185.655552648,
83.6277257971,
557.562900147,
444.899732041,
444.899732041,
444.899732041,
1348.53884361,
2351.28664412,
2351.28664412,
2494.3659343,
3437.57695455,
4010.24683219,
1664.95320109,
2933.91570313,
2461.92512735,
818.960119125,
818.960119125,
1029.89226087,
1343.13413098,
671.639453811,
377.140657831,
377.140657831,
412.399573932,
528.786788582,
528.786788582,
475.529340733,
475.529340733,
748.300680135,
500.517255783,
340.202270093,
67.2455332194,
399.729711805,
822.080046168,
822.080046168,
754.666450888,
1242.82698427,
1449.65491571,
566.020272083,
816.502759543,
1850.42187616,
2225.10062916,
1616.9733808,
1616.9733808,
1651.26758361,
306.585946226,
207.918490595,
156.894919932,
231.005111616,
231.005111616,
346.11874887,
467.956183433,
467.956183433,
467.956183433,
410.456962816,
408.843734079,
429.524205789,
571.142818321,
571.142818321,
648.773396657,
732.799255007,
522.003052807,
522.003052807,
663.167717905,
857.313872724,
218.057074521,
785.042294729,
649.260145621,
5311.91312007,
179.86941156,
154.561941442,
915.738149383,
1197.87180866,
1197.87180866,
2114.64716122,
2245.45898694,
2496.30698921,
4336.85637151,
5078.77691851,
2357.16660294,
2357.16660294,
2149.66613707,
1874.76221944,
1771.87498659,
1771.87498659,
890.152040945,
669.56574651,
669.56574651,
499.223515345,
398.049982668,
721.835988631,
721.835988631,
406.235885732,
482.242295048,
403.930269377,
403.930269377,
1778.23638971,
1778.23638971,
2074.54854643,
2148.53176207,
2148.53176207,
2148.53176207,
2302.44101761,
2302.44101761,
2380.94266324,
949.475540822,
324.504038294,
925.54317563,
1058.59266454,
1375.67592216,
1383.82227351,
1171.07114363,
1297.7297398,
1375.44296047,
1375.44296047,
1375.44296047,
1375.44296047,
1515.82023511,
1775.80279885,
2300.92084208,
2234.95280754,
686.295746424,
820.329793986,
820.329793986,
872.370277896,
1087.7920717,
3101.58045386,
4692.50760332,
1786.03054838,
1786.03054838,
1882.82090896,
2105.50718841,
1569.14970091,
640.114221887,
777.770827173,
777.770827173,
777.770827173,
990.426700795,
1108.32779072,
1064.15596255,
1064.15596255,
1852.7573252,
362.567109165,
522.543333809,
502.037479185,
131.315234103,
4725.42819707,
654.062679245,
654.062679245,
4585.69412352,
5101.62919029,
2600.43176085,
2278.41187127,
2278.41187127,
267.768285959,
214.412876205,
326.284560684,
326.284560684,
314.010605333,
345.881764808,
381.974589844,
250.995373938,
582.755719501,
582.755719501,
582.755719501,
2497.2213075,
2273.18399964,
2573.50637805,
2980.33668824,
3446.45046408,
921.043426783,
1131.32676984,
2546.00678534,
2548.78404053,
815.239283464,
4648.20069273,
327.866654209,
600.559923215,
600.559923215,
1455.45393244,
5441.82783997,
4549.33478856,
2149.1120251,
2891.72595441,
2891.72595441,
660.521467907,
685.034097695,
603.039150509,
603.039150509,
2110.46739505,
2247.01691558,
2389.90854866,
3122.56618006,
688.574889151,
763.627940753,
763.627940753,
140.76485357,
144.712102418,
78.6631641119,
367.064930824,
339.173798693,
603.488990356,
603.488990356,
690.072090473,
802.952236038,
2015.32653955,
685.464207702,
685.464207702,
787.675211732,
685.464207702,
344.496546728,
290.679740259,
800.094445257,
320.821334291,
407.492950292,
485.561271769,
723.804026207,
5425.42156569,
149.061787545,
237.757190451,
833.220398904,
760.944854673,
1049.35375726,
2526.91742599,
2526.91742599,
2333.39977278,
2975.69557197,
429.325465887,
493.351692132,
515.393674848,
376.724904692,
376.724904692,
167.240787306,
422.778807923,
418.480857032,
360.486535622,
783.091424732,
783.091424732,
783.091424732,
665.602363204,
775.939563091,
364.788939644,
570.869222254,
611.005498469,
611.005498469,
611.005498469,
611.005498469,
549.972312359,
146.179589564,
417.709379749,
630.143909348,
630.143909348,
581.528387397,
581.528387397,
497.890614392,
497.890614392,
3356.03859101,
1073.16632088,
976.261257818,
562.178875775,
469.866361942,
214.320416167,
301.639393503,
192.090376774,
192.090376774,
575.495319942,
1020.53690539,
1204.86653086,
937.663749251,
550.161910715,
136.462863137,
142.925663765,
142.925663765,
313.255471637,
232.283505189,
431.256172523,
789.131041958,
661.055931664,
537.205834762,
537.205834762,
387.766741832,
431.402675175,
418.858496402,
426.374617737,
755.576730371,
1080.31162309,
1198.07305486,
3095.69910554,
3095.69910554,
3095.69910554,
2190.49637715,
684.688661807,
741.144259741,
980.377624648,
334.219828696,
133.806839199,
133.806839199,
400.078884308,
1322.82370294,
672.461598599,
645.926220396,
812.884535774,
1011.55787163,
1011.55787163,
323.474204181,
323.474204181,
287.83791269,
287.83791269,
287.83791269,
278.974348697,
320.469072229,
403.274497149,
403.274497149,
438.94176097,
652.872175714,
652.872175714,
694.454614909,
641.295083102,
620.499112259,
771.740585303,
771.740585303,
771.740585303,
771.740585303,
794.324922349,
1067.90117436,
1067.90117436,
810.668261975,
843.844390072,
2017.00755285,
2017.00755285,
2422.03340904,
214.966793766,
132.566181163,
14.696123172,
430.028808472,
430.028808472,
250.136747592,
250.136747592,
250.136747592,
455.093923972,
245.442365053,
399.78140881,
399.78140881,
3291.94438645,
4510.45214722,
5274.32282656,
3498.94346338,
3315.74189654,
814.184348424,
908.895602829,
583.660844921,
619.087126411,
1153.47097539,
1896.86873805,
2473.19273601,
1166.19288803,
1660.1034158,
1460.15533595,
1990.54821964,
3216.62108315,
392.506621198,
504.119044361,
287.155195718,
2183.43891435,
5600.39311764,
5600.39311764,
5372.30739562,
5372.30739562,
2997.21437763,
1519.78133499,
762.205365486,
464.347092597,
652.745978288,
761.16854105,
133.843204384,
4848.4081306,
4848.4081306,
4848.4081306,
4848.4081306,
4837.09443307,
4674.62591761,
1147.81690774,
1030.23025436,
1030.23025436,
998.051054558,
1105.88751766,
1508.02234387,
4511.96843728,
576.655246531,
641.922426904,
920.145005222,
710.844044222,
249.654447546,
249.654447546,
468.431365338,
468.431365338,
468.431365338,
383.170102802,
383.170102802,
770.906644629,
801.987879024,
2008.92427679,
2137.66162653,
1027.05671126,
423.006987805,
719.027291541,
1010.94149274,
2009.5103247,
2114.66227722,
2444.20951466,
2642.88200942,
3223.12021033,
1534.67843512,
125.678132639,
125.678132639,
15.0454959216,
226.206701732,
386.045760399,
386.045760399,
666.738567658,
666.738567658,
672.758097318,
664.80626404,
730.094580012,
802.12968369,
905.032549631,
1000.37497101,
1000.37497101,
1080.88360446,
1223.9641139,
1223.9641139,
2816.48160129,
2816.48160129,
3745.59672311,
4621.50265758,
5017.09560517,
322.298275876,
622.938963529,
622.938963529,
279.142018601,
279.142018601,
1015.6572034,
709.915945556,
775.253962795,
300.738518308,
300.738518308,
234.523918645,
234.523918645,
234.523918645,
862.013460849,
862.013460849,
941.354826875,
941.354826875,
2515.5005811,
2746.986811,
105.977028055,
105.977028055,
237.629486327,
237.629486327,
601.185363975,
633.195136188,
856.496648275,
4248.78222238,
4342.31181362,
4442.24469931,
5616.38457352,
1268.57238307,
1268.57238307,
1268.57238307,
520.646009069,
974.85231801,
387.991902454,
267.682590156,
267.682590156,
832.461572169,
261.545666489,
2651.82943233,
817.829767799,
640.269107348,
640.269107348,
849.59737498,
522.95003763,
2048.65111841,
867.931615471,
4458.99830076,
4458.99830076,
2062.13874489,
2875.19007384,
2808.68511763,
2582.22494685,
2527.63712577,
2362.4496961,
1488.36554958,
2079.40607894,
2053.90043522,
2053.90043522,
1939.87511766,
2206.24180149,
2271.00440791,
2271.00440791,
154.818828949,
192.915079696,
657.874602564,
974.146808226,
1219.78022692,
1799.31453803,
1851.65362256,
4882.67235634,
1329.39896862,
706.094395795,
706.094395795,
259.551965859,
259.551965859,
259.551965859,
259.551965859,
402.725675627,
459.924118934,
502.435488029,
423.492816734,
406.833568026,
450.200594158,
465.973749077,
379.65287225,
547.640032481,
1403.60731138,
1403.60731138,
2173.15084658,
171.39494865,
214.772021985,
192.526252545,
305.56295278,
889.730146995,
2712.79192129,
2846.96017476,
3437.4677115,
4470.11433873,
4470.11433873,
4687.96602644,
574.18713579,
1699.00690133,
1327.96662276,
1777.27731265,
2995.1978953,
1567.14966507,
1515.28655957,
489.790659128,
794.802866816,
676.637239424,
751.268017092,
4162.6689069,
3877.35419557,
3824.50365923,
3681.88244515,
3681.88244515,
824.846035619,
824.846035619,
544.778480058,
1844.55017101,
1343.3983297,
1343.3983297,
1326.22013779,
294.69983561,
1045.26833313,
1045.26833313,
604.126402569,
604.126402569,
861.857871602,
854.838289197,
852.18103073,
884.583878909,
1712.99946428,
1712.99946428,
2037.49409221,
2218.67268341,
521.892576623,
521.892576623,
198.156646617,
600.407928259,
896.429603951,
984.502588534,
1564.9279558,
1468.35659478,
131.071449337,
131.071449337,
425.230292429,
425.230292429,
478.921420069,
831.621932149,
831.621932149,
1197.19325599,
1197.19325599,
380.258140367,
380.258140367,
329.725112014,
329.725112014,
1481.94939797,
1417.64072841,
1390.62435197,
1390.62435197,
1350.0663866,
1311.53789215,
1259.29075853,
2033.75676918,
550.640180733,
412.923830273,
412.923830273,
250.684733363,
507.940154431,
569.493915605,
621.007178969,
621.007178969,
1714.58503843,
2556.0583776,
3629.65410844,
620.793891268,
620.793891268,
620.793891268,
308.787592213,
285.672905565,
1223.87356603,
443.350362205,
306.97368292,
389.583202851,
936.330734521,
333.713228044,
406.732113783,
406.732113783,
615.776976109,
1111.14682814,
1078.60031153,
1035.66604639,
1035.66604639,
763.17880235,
763.17880235,
319.699203918,
1086.21381514,
605.114820045,
98.8899412908,
2245.32159613,
2705.82461448,
2952.31595308,
2952.31595308,
929.886170934,
1934.12489342,
2883.80670201,
2983.82904518,
3394.61778782,
899.662990811,
882.733736532,
1194.32113779,
1250.07668796,
1260.67875446,
1260.67875446,
1090.53491001,
551.245497092,
484.630403535,
448.113868102,
1777.43216699,
933.652635874,
1079.52272984,
1079.52272984,
755.935823191,
701.930116859,
1566.8063463,
1952.66480347,
1952.66480347,
2408.46375175,
2408.46375175,
3660.54703156,
1386.71796098,
4127.13439158,
3956.45061714,
349.016821722,
135.93335994,
135.93335994,
478.158025156,
478.158025156,
394.870742858,
394.870742858,
520.828988638,
246.633983772,
531.067402466,
596.1767144,
516.408449932,
220.931565725,
495.881519815,
295.987113054,
116.60419522,
449.694635347,
814.87275117,
2338.42381874,
2118.65543498,
2987.36914138,
2957.97458462,
2550.53818345,
377.58822806,
172.347851504,
659.912214811,
736.359669442,
1074.67008087,
1414.36858576,
2373.74560791,
2616.52724361,
920.587048047,
819.079980507,
224.222673644,
402.789007858,
379.025900658,
437.586179972,
325.717016142,
325.717016142,
325.717016142,
925.479394485,
663.140909204,
280.919214518,
232.801358194,
197.978550585,
294.755795246,
133.950708635,
265.120896793,
265.120896793,
265.120896793,
265.120896793,
154.284633736,
720.116844995,
600.024679503,
600.024679503,
299.987677557,
270.150105344,
613.707385832,
731.284779773,
731.284779773,
731.284779773,
1007.13858155,
649.378248441,
437.274650856,
311.154712857,
1659.52158841,
4704.61141644,
523.8802149,
512.833774536,
770.932444326,
770.932444326,
855.175658725,
911.41295989,
45.8471938007,
141.576507658,
397.957322882,
672.279002971,
1773.54135959,
114.719254821,
114.719254821,
202.117005697,
338.848598239,
338.848598239,
268.195692478,
930.205196067,
1477.24123575,
421.319629631,
734.603452209,
1601.54098272,
1758.17988338,
329.135482097,
2168.40849768,
4252.38907017,
4450.0543262,
804.240401059,
211.743706829,
211.743706829,
410.690841141,
375.980007381,
658.210738412,
323.283397133,
313.843341246,
991.561664458,
900.998358118,
541.657170899,
503.339465544,
1007.90823662,
1124.63998217,
1334.06277228,
1860.79962471,
1921.72578852,
1921.72578852,
1471.69053741,
1433.91217542,
1544.54594625,
1544.54594625,
3076.95813263,
4198.12243578,
5014.35576299,
589.860335957,
589.860335957,
334.23408029,
2042.66940455,
1154.83746911,
619.601704208,
389.141229365,
272.320132175,
1152.01242743,
1081.66893669,
942.472508394,
899.688316538,
275.052565875,
366.993427058,
408.093964912,
447.642883341,
521.759877535,
1660.64029318,
1566.12504708,
454.592635848,
603.955811932,
2263.27344095,
2563.12137948,
2563.12137948,
200.462474477,
200.462474477,
453.441943785,
520.443473313,
440.588207629,
1128.39615218,
956.318406765,
3024.41970671,
943.09506648,
943.09506648,
943.09506648,
2509.49443644,
280.573437867,
1540.31914684,
939.954394118,
1065.75396939,
1286.6607492,
1286.6607492,
1592.28165071,
1549.35198695,
3237.38073857,
3192.17726444,
3276.73366882,
3445.57979455,
211.337864303,
319.019988466,
244.100319998,
297.660904073,
452.334530186,
351.386481016,
351.386481016,
530.102517807,
1419.117564,
578.308169063,
578.308169063,
578.308169063,
4708.58764864,
4708.58764864,
4703.63830457,
4269.91939451,
4184.07399442,
423.787041418,
336.413171528,
578.586874581,
246.758399632,
246.758399632,
364.122854025,
364.122854025,
5257.83478266,
2716.72757877,
322.508204198,
578.872662316,
578.872662316,
1009.63993199,
3058.1627402,
3163.02439202,
3663.52038192,
4932.75557903,
1662.65340404,
947.930864109,
408.009480739,
311.909280906,
311.909280906,
311.909280906,
530.6987943,
530.6987943,
530.6987943,
630.619940402,
738.325075631,
662.462847307,
564.351017606,
571.073974898,
2533.46706206,
4340.53715665,
4665.32486074,
254.247378884,
1098.98654288,
1307.78438362,
669.590556342,
669.590556342,
1007.05091948,
316.810772503,
436.728414877,
436.728414877,
436.728414877,
1115.05634176,
1703.75295258,
2064.19100189,
2064.19100189,
1994.03794264,
2351.04057394,
2316.99729726,
2975.69557197,
305.620937278,
85.4119991326,
545.16592279,
603.454267409,
397.53603938,
1364.21139452,
1359.3122377,
1401.22094974,
2863.96525395,
2889.60255863,
607.765353285,
607.765353285,
444.451558222,
297.512553669,
806.382902436,
608.824690495,
1236.86201319,
5714.6689636,
778.945203505,
1122.19023567,
1122.19023567,
878.813371782,
430.680237309,
492.282418411,
546.70214808,
547.88356745,
849.716205977,
396.508388081,
2036.61080383,
2017.35759635,
1578.57233451,
1571.70209593,
202.791088115,
202.791088115,
319.474678568,
138.096409832,
1218.43067028,
1449.91422576,
1494.27024757,
1494.27024757,
2493.9384173,
2768.95263549,
4149.2794152,
257.170819777,
836.140349897,
813.706942676,
836.533979361,
468.0124213,
810.921377785,
607.3770239,
640.043895821,
843.044969823,
1299.19543478,
1701.6209348,
2950.58340482,
3132.11885718,
3256.41404244,
1000.42083005,
266.253228771,
233.208215287,
282.003885973,
747.578279208,
723.184272516,
443.927964828,
443.927964828,
932.143573706,
901.928035315,
488.543838754,
1041.08918926,
2775.09038729,
2887.9716605,
2903.30054839,
3682.30062196,
369.70807797,
474.012750403,
627.780800842,
2573.64095163,
460.289201223,
345.137015059,
179.735468351,
179.735468351,
175.630475341,
423.747723531,
423.747723531,
329.926462489,
5163.37189095,
5163.37189095,
5668.00899202,
1420.50095756,
1685.37745327,
662.925799383,
1572.18913338,
368.322404155,
368.322404155,
711.788919525,
934.685675085,
1247.83796355,
1032.72580197,
15.0594357546,
898.650601802,
1657.76536679,
444.443735016,
694.317680575,
1915.37409919,
1915.37409919,
2331.69460684,
5091.3951514,
1301.6629562,
2171.60991473,
4803.60786336,
551.070558171,
1013.58239537,
225.602429484,
254.688203861,
156.192491451,
367.484256429,
222.531938984,
415.523393874,
901.598306162,
1936.64289339,
2188.51560908,
1434.38659728,
1187.67877425,
1573.79360667,
2414.34391395,
2414.34391395,
2564.29896446,
2564.29896446,
2564.29896446,
2714.98496432,
782.818092451,
678.642494341,
627.447551742,
542.516936681,
396.625471493,
769.985051064,
4625.60232715,
4426.0624472,
3639.57413878,
4515.45528807,
509.092774272,
523.91413676,
4956.56492639,
1010.25141033,
647.750305597,
1668.88981191,
2225.71214662,
4575.79061131,
5021.8496856,
2691.29946516,
4146.62292649,
4824.68383275,
4966.00816983,
1008.64565746,
2736.98850553,
2772.34765462,
2772.34765462,
2163.49444688,
1985.15386185,
1966.80421516,
1966.80421516,
1966.80421516,
1942.24282965,
1942.24282965,
1958.02741804,
2244.7379637,
2315.36586529,
1157.1491305,
1142.28626978,
643.772778561,
780.216211393,
3567.01446395,
826.002754608,
854.385038588,
1809.04991727,
1362.23392282,
1362.23392282,
1362.23392282,
1362.23392282,
1350.74017743,
1582.74498639,
1821.37036059,
465.227070499,
456.854501682,
2390.22613447,
1766.6253827,
762.573027687,
597.590889952,
1345.3285323,
774.96709541,
774.96709541,
1780.96433969,
2114.6172902,
840.234218156,
840.234218156,
840.234218156,
480.342041153,
201.942623657,
1045.08969578,
1582.75485906,
1272.88845414,
719.58249446,
249.163158878,
469.881311802,
469.881311802,
1066.869208,
286.569608195,
628.068466754,
1081.07093048,
1081.07093048,
1068.68188869,
1067.33092994,
1068.212673,
1045.07495082,
2426.69059524,
2426.69059524,
2321.97424833,
2531.63070954,
1070.70978033,
845.330400621,
527.030565834,
343.331759713,
477.489427272,
2507.33214409,
2025.33482902,
256.828018526,
256.828018526,
618.635722531,
633.484402853,
648.635203755,
1097.32981246,
219.608542396,
300.41319207,
199.106275708,
445.351532874,
410.3801777,
330.734307719,
330.734307719,
446.311220094,
446.311220094,
651.427777523,
1806.56456673,
1724.52603812,
1128.00748747,
5604.57352513,
5907.56791139,
3030.87291588,
161.415040816,
623.713688294,
2733.31701793,
904.339932283,
1177.95757637,
726.354640232,
2020.72564423,
512.818142659,
512.818142659,
190.622691367,
130.761518213,
2554.16120089,
171.819958559,
237.658935123,
390.987971861,
485.717389233,
548.92509014,
522.541266872,
512.066590994,
1453.22665374,
2101.95154967,
4782.03864797,
313.275017167,
524.129441206,
4405.06702302,
4207.2585945,
606.175806075,
249.072743802,
386.388079953,
748.841311339,
1721.40845777,
1813.85325315,
1813.85325315,
1813.85325315,
2179.16751651,
1651.84924563,
1727.75986307,
3768.3129644,
192.180080612,
170.634871575,
170.634871575,
170.634871575,
170.634871575,
996.252558711,
2427.25133506,
2619.33053091,
3906.93632789,
1863.91843034,
4748.93461055,
414.370776084,
493.042364689,
452.467688485,
452.467688485,
645.833590679,
159.912371421,
386.433775417,
386.433775417,
528.088714432,
440.842898104,
485.274184263,
485.274184263,
547.568867715,
1076.25933215,
945.46655857,
1530.10461885,
388.155804595,
388.155804595,
490.267803101,
421.436208801,
421.436208801,
1021.27611375,
182.368172548,
646.568971754,
791.858409297,
1278.03806731,
1278.03806731,
5023.82253126,
572.922765135,
2380.44966535,
1875.04383457,
1945.79471951,
233.470800164,
730.623695289,
672.675172108,
672.675172108,
1791.58634964,
657.22170688,
1658.11480155,
1806.77130862,
1958.47592321,
418.512609268,
1084.79507266,
242.844772797,
331.347811371,
1044.18591389,
1600.34714267,
2890.80889701,
3434.22228032,
1152.00720795,
1252.59280377,
250.955981742,
250.955981742,
732.529261775,
732.529261775,
665.069388779,
189.361216657,
1526.92257656,
723.532401159,
208.015974812,
126.402629881,
101.505144935,
101.505144935,
195.229714482,
195.229714482,
475.757995187,
475.757995187,
888.491865629,
1454.7124835,
1720.34994949,
3541.74086056,
3813.57169286,
4073.30225317,
4073.30225317,
4584.22338087,
2162.48739183,
2447.06132311,
2533.05493007,
2631.07052237,
4893.30774858,
182.226181691,
2163.98689163,
1353.21157767,
2004.88455784,
2596.45271265,
1206.93336674,
1204.9148367,
1258.41030363,
1278.96787248,
370.873423384,
640.784485475,
327.967783706,
272.436788853,
518.577506203,
518.577506203,
351.905192668,
591.203365828,
587.005347378,
480.500930882,
913.407516285,
913.407516285,
4767.77542057,
1501.86156832,
1509.29361646,
1570.51853571,
1748.18058797,
2306.8686104,
2316.84477296,
2316.84477296,
241.692382992,
241.692382992,
356.654081759,
391.066865685,
343.932921543,
343.932921543,
472.228697865,
539.178373435,
5261.22405733,
5205.31520784,
694.753174194,
776.901241337,
295.513874615,
295.513874615,
398.171635521,
444.423526275,
2070.73008268,
2072.04880013,
1854.14400683,
1854.14400683,
2229.17479105,
2698.69433805,
3618.45564744,
3618.45564744,
3618.45564744,
69.9717637157,
450.850124505,
450.850124505,
437.124875926,
287.7023784,
119.638724631,
1191.86804695,
654.51304607,
529.054662177,
249.269560788,
73.2828699943,
198.85493032,
204.74847153,
182.590368017,
305.782396735,
247.693179933,
407.977083207,
595.873930656,
595.873930656,
581.270183995,
581.270183995,
281.871180515,
1986.44212991,
2002.69311262,
2053.4823668,
2457.26806184,
2545.47120312,
2545.47120312,
2655.72718669,
2655.72718669,
2655.72718669,
302.846235618,
567.207559593,
2492.34036363,
2492.34036363,
3590.63909012,
4231.69930289,
3962.34028658,
409.449523249,
409.449523249,
324.248197938,
1348.4049742,
584.640707924,
3091.30089807,
4532.44432152,
2680.56140027,
885.419280127,
178.844749208,
474.229466394,
3521.39425525,
266.046809638,
266.046809638,
142.247548457,
258.818304178,
947.511223929,
1040.20669051,
637.006688342,
702.555715067,
3812.11827725,
1375.69013696,
1447.57702999,
2067.61479077,
2178.06827,
2307.02014574,
2307.02014574,
142.228778032,
901.231576888,
488.754533192,
596.199600855,
5123.5544069,
327.485018279,
658.160706837,
676.020887367,
449.673012109,
449.673012109,
300.299816669,
527.671909446,
301.970777509,
2515.77340257,
2128.15420939,
1993.32565747,
1464.00305082,
29.6441743957,
29.6441743957,
2513.846786,
915.896931644,
915.896931644,
1086.3259407,
173.208689803,
198.184238922,
212.948261155,
651.437054544,
814.0144231,
814.0144231,
1670.27575753,
1081.71683043,
1163.08425594,
1163.08425594,
1163.08425594,
3522.09700377,
4960.99464322,
2476.0253327,
607.965348216,
607.965348216,
788.026433494,
901.644028343,
2156.42753848,
2287.56074026,
2552.40708199,
2147.24839658,
2147.24839658,
1813.08526709,
1975.53057361,
1975.53057361,
947.105854648,
1179.89015176,
2245.36199246,
2378.36053204,
785.499286145,
709.440935923,
709.440935923,
692.175498479,
692.175498479,
2102.63549519,
2373.44345949,
4397.29957861,
4297.82621622,
1605.71871861,
1605.71871861,
398.028070953,
278.300354652,
278.300354652,
602.903840312,
8.95833003328,
115.128918553,
316.871675624,
178.145045982,
334.540137187,
755.809897505,
716.447806648,
1099.54302827,
1440.26437385,
2350.61737554,
2488.07050803,
265.164809609,
442.441813312,
906.006403766,
906.006403766,
985.046099851,
985.046099851,
1285.46543282,
955.122009476,
227.815231738,
227.815231738,
324.383032164,
306.993328972,
389.19314467,
141.091673255,
141.091673255,
371.402823995,
646.833682294,
415.411770933,
2226.97816507,
1897.26950199,
2589.00705111,
3683.0515198,
4115.62689865,
900.525264873,
967.193322865,
996.423308331,
936.729161956,
1302.16347088,
251.064178474,
3032.27989491,
5060.83281277,
2118.29266264,
1039.46104725,
931.398788076,
931.398788076,
927.235494617,
927.235494617,
940.825867053,
971.862274976,
971.862274976,
1145.24389006,
172.302939458,
179.360973184,
607.0528684,
607.0528684,
644.997613505,
644.997613505,
587.652925877,
587.652925877,
452.888765874,
283.401897956,
274.129944759,
617.498057333,
503.944295807,
319.974320391,
3869.54892502,
536.374558512,
1488.75783774,
342.2251041,
342.2251041,
342.2251041,
972.533863435,
1954.50666168,
1954.50666168,
338.252575621,
573.640612433,
3126.26037626,
1429.37965742,
1825.0883386,
265.579486209,
162.269048758,
911.499893464,
911.499893464,
611.303531359,
209.617344121,
708.18291224,
2907.49219182,
1419.89135242,
1464.86683525,
1508.14534203,
1543.35704529,
1654.66724138,
253.757225419,
505.370817572,
505.370817572,
505.370817572,
382.868430247,
382.868430247,
183.955430176,
258.622296316,
307.154942173,
307.154942173,
199.202530881,
121.498335781,
121.498335781,
371.483767573,
371.483767573,
321.433815222,
1462.2530704,
1802.57635087,
1929.93635214,
1134.67744253,
1058.0655069,
418.08318457,
754.939290045,
741.173927648,
1254.12990499,
1485.51581935,
2070.82128732,
290.473180472,
135.290145174,
